name: capt
channels:
- defaults
dependencies:
- backports=1.0=py36_0
- backports.weakref=1.0rc1=py36_0
- bleach=1.5.0=py36_0
- bokeh=0.12.10=py36h0be3b39_0
- certifi=2016.2.28=py36_0
- click=6.7=py36hec8c647_0
- cloudpickle=0.4.0=py36h639d8dc_0
- colorama=0.3.9=py36_0
- cycler=0.10.0=py36h009560c_0
- dask=0.15.4=py36hd19ff53_0
- dask-core=0.15.4=py36h22c9028_0
- decorator=4.1.2=py36_0
- distributed=1.19.1=py36h8504682_0
- entrypoints=0.2.3=py36_0
- freetype=2.8=vc14h17c9bdf_0
- h5py=2.7.0=py36hfbe0a52_1
- hdf5=1.10.1=vc14hb361328_0
- heapdict=1.0.0=py36h21fa5f4_0
- html5lib=0.9999999=py36_0
- icc_rt=2017.0.4=h97af966_0
- icu=57.1=vc14_0
- imageio=2.2.0=py36had6c2d2_0
- ipykernel=4.6.1=py36_0
- ipython=6.1.0=py36_0
- ipython_genutils=0.2.0=py36_0
- ipywidgets=6.0.0=py36_0
- jedi=0.10.2=py36_2
- jinja2=2.9.6=py36_0
- jpeg=9b=vc14_0
- jsonschema=2.6.0=py36_0
- jupyter=1.0.0=py36_3
- jupyter_client=5.1.0=py36_0
- jupyter_console=5.2.0=py36_0
- jupyter_core=4.3.0=py36_0
- keras=2.0.8=py36h65e7a35_0
- libpng=1.6.32=vc14h5163883_3
- libprotobuf=3.2.0=vc14_0
- libtiff=4.0.8=vc14h04e2a1e_10
- locket=0.2.0=py36hfed976d_1
- markdown=2.6.9=py36_0
- markupsafe=1.0=py36_0
- matplotlib=2.1.0=py36h11b4b9c_0
- mistune=0.7.4=py36_0
- mkl=2017.0.3=0
- msgpack-python=0.4.8=py36h58b1e9d_0
- nbconvert=5.2.1=py36_0
- nbformat=4.4.0=py36_0
- networkx=2.0=py36hff991e3_0
- notebook=5.0.0=py36_0
- numpy=1.13.1=py36_0
- olefile=0.44=py36h0a7bdd2_0
- openssl=1.0.2l=vc14_0
- pandas=0.21.0=py36he09d4dd_1
- pandocfilters=1.4.2=py36_0
- partd=0.3.8=py36hc8e763b_0
- path.py=10.3.1=py36_0
- pickleshare=0.7.4=py36_0
- pillow=4.2.1=py36hdb25ab2_0
- pip=9.0.1=py36_1
- prompt_toolkit=1.0.15=py36_0
- protobuf=3.2.0=py36_0
- psutil=5.4.0=py36h4e662fb_0
- pygments=2.2.0=py36_0
- pyparsing=2.2.0=py36h785a196_1
- pyqt=5.6.0=py36_2
- python=3.6.2=0
- python-dateutil=2.6.1=py36_0
- pytz=2017.2=py36h05d413f_1
- pywavelets=0.5.2=py36hc649158_0
- pyyaml=3.12=py36h1d1928f_1
- pyzmq=16.0.2=py36_0
- qt=5.6.2=vc14_6
- qtconsole=4.3.1=py36_0
- scikit-image=0.13.0=py36h6dffa3f_1
- scipy=0.19.1=np113py36_0
- setuptools=36.4.0=py36_1
- simplegeneric=0.8.1=py36_1
- sip=4.18=py36_0
- six=1.10.0=py36_0
- sortedcontainers=1.5.7=py36ha90ac20_0
- tblib=1.3.2=py36h30f5020_0
- tensorflow=1.2.1=py36_0
- testpath=0.3.1=py36_0
- toolz=0.8.2=py36he152a52_0
- tornado=4.5.2=py36_0
- traitlets=4.3.2=py36_0
- vc=14=0
- vs2015_runtime=14.0.25420=0
- wcwidth=0.1.7=py36_0
- werkzeug=0.12.2=py36_0
- wheel=0.29.0=py36_0
- widgetsnbextension=3.0.2=py36_0
- wincertstore=0.2=py36_0
- yaml=0.1.7=vc14hb31d195_1
- zict=0.1.3=py36h2d8e73e_0
- zlib=1.2.11=vc14_0
- pip:
  - ipython-genutils==0.2.0
  - jupyter-client==5.1.0
  - jupyter-console==5.2.0
  - jupyter-core==4.3.0
  - prompt-toolkit==1.0.15
prefix: C:\Anaconda3\envs\capt

